image: 0309g_media.pgm
resolution: 0.10
origin: [-66.74070434570314, -28.52960510253905, 0]
occupied_thresh: 0.51
free_thresh: 0.49
negate: 0
